21907
23705
24096
31715
18641
20900
26759
20699
20106
22215
22596
25223
18743
34715
22681
20070
30870
30078
22677
25808
29081
24984
23658
21481
22198
28824
25605
31097
27801
18212
20378
30046
22924
34856
29798
25847
24085
28295
23079
20035
30906
31168
18207
29319
32261
21198
27127
18673
26902
26491
27838
23845
32802
29293
22957
22579
22795
31053
28033
21982
22920
19758
24983
25690
19854
24161
23462
20914
18334
24672
24718
25510
19133
26367
32984
25795
24185
27278
21967
22816
29329
28816
30986
24212
26035
22047
32606
18456
32920
29097
28097
25107
22245
18593
21754
29446
24585
19022
18726
30275
20010
28515
21300
22058
26093
27865
19475
24949
22282
25213
28392
28057
21834
25246
29071
22996
27667
19067
30553
19470
26375
24504
24032
20315
23359
31405
20451
26390
29251
22208
26445
22490
29404
25867
26304
33817
23147
21306
27683
18912
19237
32849
28619
30421
31178
28642
20873
19483
26489
25448
30946
28709
18157
22145
28559
24191
25479
20120
28480
31420
21146
19551
28269
24496
29333
22468
19945
27650
27431
21804
31083
32786
29964
19732
22186
25143
19230
27124
24198
21883
34835
23095
18668
24351
18344
18750
26205
22506
19431
27507
18555
26333
23713
24694
20987
24231
29070
20744
19723
20813
21332
18943
23971
33564
22112
30038
33669
25248
27235
21132
24707
24744
21486
26452
22187
27882
25457
28352
29434
23251
21626
18282
18675
29227
27227
24006
33841
31647
27358
24029
22011
22903
18734
18477
25567
24753
23666
25741
24622
22504
21705
26004
26931
19815
23544
28874
24027
28868
30889
23235
20455
19969
26218
21063
23100
20213
29956
18906
29140
22965
25986
20657
23058
28734
23233
21432
34067
20248
25483
28910
30801
18976
29091
23013
29285
19166
26101
33028
23320
19645
22433
28152
24411
33467
24335
34019
18238
27941
23625
21025
28547
22160
22297
20945
31471
19155
22420
27345
28084
22750
21097
31422
21831
23809
29146
26658
25231
28302
31509
22984
28858
25257
28425
19314
34765
18391
27763
28979
22113
23063
24586
27213
25734
20348
28965
19605
18690
26500
27734
31229
22721
28098
32262
29159
24702
34036
32340
29644
34824
28064
27802
23744
18560
23895
28803
25445
22841
21048
34619
30615
19058
32973
19147
20452
32171
34802
27285
27270
28718
23509
26275
30304
28316
31848
18573
28950
18713
30409
22599
25634
27761
29407
20766
26705
19373
33430
21394
31929
26323
23236
34707
22320
27441
28665
22400
28067
26154
29325
18666
28204
28613
24668
32182
24959
24450
19173
20231
23958
18203
19562
19569
19839
27517
19303
24349
33687
18798
18543
18758
34008
25712
30266
19381
32819
23863
30911
18327
32267
22827
28490
28355
27352
19117
19549
33193
33322
20979
23484
18209
25778
18914
30212
22820
23645
23008
18719
22716
28605
28216
20242
30603
22578
24743
21217
24461
22321
32052
21156
27458
21210
28044
21037
25013
21660
19084
27557
23275
18216
19677
19122
19599
24505
31369
18637
29617
19360
20418
22777
24076
21647
29515
30022
33024
27883
25768
29681
23046
23025
20209
25058
26098
33035
33512
19852
31376
24326
29525
21425
31120
29328
19687
20306
19693
27791
22133
20512
25175
24115
26801
25032
24010
19023
25136
20192
26524
18255
26371
31096
18662
25249
31526
24208
26901
29331
23710
19681
25140
18870
22438
29312
23229
18991
26910
22574
20364
21966
27793
30115
27474
28861
27783
23113
26983
20925
18958
26888
29755
23177
29283
25987
20156
21769
30062
28077
30475
27110
33520
20678
23124
24400
28886
29104
20447
26271
30957
32207
23672
22299
22606
24961
29180
27942
19069
34281
28005
28179
19743
22577
24910
28729
29364
19382
21213
21737
25919
28433
26081
18783
18932
22910
33224
23882
20872
19154
33130
28265
28949
24708
18329
32967
22946
27894
27774
21930
25748
34851
24013
29263
34434
21622
23916
24353
34820
22766
23293
29343
24117
33030
33980
25192
18956
23577
19701
33976
31301
19610
28061
18694
34090
19135
23477
20191
21961
23715
21849
30439
24149
21272
22832
29017
28226
24563
23848
32557
27145
29216
29069
26301
21162
34139
21316
18472
18678
28154
29656
28397
27407
26881
18438
28853
28913
33888
22010
21324
30335
18697
27543
22674
22871
27513
22177
19902
27379
25571
20216
25134
21919
23883
22836
33722
29203
19276
20107
26023
30095
33719
23993
29728
23374
28174
24951
32931
27551
22052
19474
25733
20351
18685
19081
25245
30039
28055
25465
27554
26964
27423
27577
25582
24274
20683
25387
23881
27710
20001
19050
18525
31305
22687
23319
22489
25554
22228
21634
22207
18946
18725
23678
21040
20850
26411
21165
25325
31304
26387
22463
28047
23487
24190
26460
24627
29121
31473
18269
26842
21605
18968
25438
26045
20060
26138
18820
29806
27876
22359
19991
28634
22747
25162
29165
27044
19351
29556
20905
32200
20854
28448
22404
19872
27039
18761
34596
23731
24269
18929
21584
32881
24296
20365
31068
21603
20114
25282
21665
22771
27675
22684
25262
26099
25184
19566
24714
22008
20616
23001
22271
28452
24614
27459
18471
20829
27867
19178
26806
25222
27932
32792
19608
26962
24981
26628
26486
23073
22017
20474
25715
26224
33810
26534
24082
22550
29992
32542
22565
24948
25819
23129
25940
21614
27184
19820
24874
19110
25247
18708
23774
33203
30008
19041
21364
26540
27746
25310
18883
20186
26206
24890
19899
27475
22738
30048
18855
22639
32980
28761
23490
19781
25095
27258
24907
20828
29015
24899
18190
24541
27981
19448
22301
19108
24407
26317
21816
20011
18276
23266
30735
33381
20152
19039
18846
34066
28946
26488
24459
18877
18169
18899
32311
25392
24034
20503
32968
23720
28140
22386
18534
20026
32855
22854
34027
18548
29237
26287
26677
21891
29223
32776
27255
22870
21668
27659
31674
19772
29249
22345
18813
23943
24940
34068
25494
24072
19611
34809
29998
19268
24159
24591
27489
32936
23449
28301
26905
31840
31522
34853
22667
20417
21759
25295
24518
22296
27158
20395
22939
18382
33559
28123
31467
24824
22343
31159
21026
19105
28431
18622
21732
30015
19140
31061
29663
21571
21368
18993
21271
24279
21218
28145
28765
21139
20016
20236
25513
21788
32826
27027
28900
26134
27004
21733
21163
23123
29166
28488
30404
26554
29426
23206
22016
18831
22636
30011
19845
29066
32872
20098
24856
19456
30722
28225
33435
23096
24434
20802
28543
28503
27412
20805
18832
32987
31521
25988
20084
27706
23504
28810
31295
19005
22161
27031
21784
22020
23406
20352
19316
25962
27134
31042
26678
32866
26467
26080
22371
22935
20257
28501
28071
21505
28037
26112
34137
23057
21060
22136
29464
19282
24870
21640
22553
23781
20008
19396
22225
21888
29553
32320
18670
30876
18643
21713
25151
19017
34687
18240
30406
18775
30180
22383
19091
18192
21397
30945
24387
24896
34103
28423
19919
19389
18997
26904
24272
19063
33051
28430
23081
28802
32686
21199
24022
27400
24050
27005
25660
20903
20709
21224
20046
28615
19744
33881
20356
34200
18292
19655
18679
27490
19248
20347
22196
18215
28157
33649
28945
21371
20036
25251
22453
24433
30960
18497
21379
21604
29769
26044
26978
23732
20178
24195
20239
26870
24049
20727
19137
28229
25746
19168
27013
29993
18589
27612
28851
25064
30231
29003
27983
19692
25772
28518
23246
21066
28054
32790
32957
21279
24729
28093
24801
29825
31780
21780
18389
26772
19864
19128
18654
21148
29815
25629
26455
33519
22985
20172
31512
30763
31282
22457
19748
31331
22798
21142
29310
18650
19494
20329
25738
30830
22583
18692
24286
19726
26431
25053
18182
32295
18599
18468
26071
22232
22219
34001
27450
22741
23689
20617
20826
19745
25403
24100
32610
22062
31724
24320
27172
25475
25043
20604
31321
25065
21393
28068
27593
21036
30301
23873
23034
27737
19266
20659
29168
21466
32209
29253
28831
18714
21342
19195
30716
18885
34000
18851
18721
24416
24503
27556
21010
20983
28738
29955
31927
33935
24582
22465
27375
24781
21869
31163
23141
20560
22785
24122
24691
18199
29149
24975
21936
29641
31553
22254
19169
20014
23818
21338
25545
18288
27652
21666
21858
20816
32408
18393
20697
21641
24058
29701
19310
30263
28386
27808
21825
24857
25584
27711
25253
23630
22451
31046
27997
20081
21875
27343
22021
19132
22401
25720
19971
27117
19750
27879
27200
24748
21262
23663
26451
18635
28339
19072
26088
29807
28366
18290
33986
23800
28257
26121
20735
27334
23187
23760
26903
20264
25859
23102
21564
20119
25256
19033
33434
24028
30837
21731
25368
27530
28675
27842
18208
25309
19624
18217
27125
26435
22031
19814
20579
19225
19047
19795
28840
27594
27989
29408
26345
26915
28540
24211
32917
25025
19851
25766
24861
27757
22278
30857
19804
27575
26377
30895
25528
18577
20833
20846
28319
31235
31187
21803
26519
21321
24615
28341
25110
22825
25776
25294
22709
25922
24192
21444
21305
18816
22414
22872
21894
28495
24045
22313
18706
21890
26470
25091
30711
20314
28078
26967
24134
29406
19592
25443
22811
30909
22601
25849
20485
21416
21927
23307
23125
34784
26575
33656
31090
27996
30873
18884
20730
27509
22204
18862
22604
22874
33411
21543
25350
27886
32752
21144
27839
27527
25305
25389
34660
33139
22818
22815
27022
22053
19256
20715
24493
18175
21736
26692
20747
20262
25607
23719
18378
23628
28483
31495
19427
31297
31823
33027
30883
21789
19769
19247
28552
24644
18336
22393
29032
25678
25371
24529
26447
25383
24862
24954
25593
25487
26878
24902
18645
25503
18978
23777
21844
26659
20648
24412
26128
30222
28307
18302
27661
23137
31247
19026
19823
20885
28445
18404
21451
22595
22009
29475
20340
30630
21188
30173
19295
21923
24252
31038
22397
24402
21841
24727
20469
28454
25493
23308
20284
26051
28513
23966
25413
28069
31615
18636
19292
22590
23665
19556
23309
22586
30032
24254
19375
22348
28838
25813
19428
33968
25000
27816
18275
30210
23636
21971
30943
18623
25760
24771
23941
25707
30998
20746
19192
22570
29102
23047
21033
30908
25300
28777
18795
20484
26538
32354
20185
29687
23647
30730
29012
28080
24931
28639
23489
32966
27742
28895
27510
27937
23413
20864
27169
19661
27516
27524
28089
30183
21166
31142
34812
32062
27909
27225
22242
29467
21889
22995
32830
24098
20527
19322
26253
34097
28537
30881
22280
22993
21761
25360
29232
28222
19306
31138
28373
33323
18256
21363
19778
19503
28487
30481
21509
18903
28870
19946
25844
33106
26207
19319
28991
21343
20812
28932
29288
18252
19641
25651
25312
33181
28101
28749
24475
20672
34083
33948
18470
22705
19670
21039
22686
19077
25857
34860
19279
29028
30959
19739
28794
26535
23988
26512
19138
18799
30828
20671
25467
24758
27113
26645
33026
25534
28800
25673
18241
23305
21954
27503
28320
18588
18616
26115
30009
19086
31015
26542
28338
23779
29932
28482
33857
26484
27748
27608
25154
30018
23439
21304
25201
27692
23853
32760
21030
20024
30866
24151
34847
23279
18866
19165
29594
25894
29981
22477
23143
27206
18535
25718
33952
25333
23043
24470
24464
21243
26233
28461
19211
21921
21192
24604
24256
22942
30253
23927
26180
32608
22703
28608
33577
27276
23700
25037
26555
29346
32050
21029
27595
27121
21690
29450
21131
19423
21472
21373
19408
25183
22613
30811
21802
32077
25039
25724
27097
24546
23670
19087
22501
24733
20971
25373
28129
27143
28548
28700
20346
24825
22902
30057
34121
22534
32804
32081
31064
27484
30264
33818
26149
30951
28306
26020
21402
27576
19587
30843
21913
21561
27269
22029
25942
21483
30029
34714
25951
27076
20998
20299
21632
20168
21455
29658
33477
21484
24090
22331
21821
29479
28063
22233
29873
33149
32558
20461
24739
33167
33951
19895
18303
26437
28763
24578
25676
27398
18800
33159
23131
21570
27654
19668
27369
18671
20058
23180
19400
32518
29296
26609
25700
28236
29857
24305
22934
19900
18583
32440
23934
29999
26889
24456
22382
23301
30925
30896
24219
29094
25346
25252
19034
26773
32105
32116
27702
18931
22950
26156
29089
25907
25856
30694
24794
21155
23894
32785
24060
31500
21627
21697
18376
23858
25842
34053
19691
19654
31632
24599
26131
22943
19220
19921
27633
31086
19175
21963
21675
22588
29381
31056
32631
20121
18164
26880
29361
27066
23274
28254
34093
31410
18260
20057
29711
18754
28630
23888
33382
19264
27176
24705
24785
22776
30244
32753
18979
29127
22963
27971
22970
24528
30978
34712
28287
24978
31498
28522
30693
21568
26211
24268
33072
19088
28636
25542
25777
21201
20309
30215
27915
30052
19090
29045
20136
27155
19055
27094
21206
21691
29378
21661
27864
21477
23959
22328
29704
29228
23691
24898
23465
31105
33530
24342
31738
33958
22629
21140
26833
18779
18667
23386
29775
25897
24181
20283
18586
34186
21699
21878
24067
19436
22743
29332
24903
34469
23920
26966
28519
22417
25088
22128
23791
27497
19534
18806
21421
20110
23179
19215
30341
21524
21013
32251
18765
23957
22808
18237
21167
24166
25234
33955
21960
25132
26297
18295
29430
26789
22940
32390
23980
24046
20280
20453
24485
29393
21964
21916
25610
26890
21644
20838
24741
21763
26148
18570
28235
21441
33064
33053
19576
21715
31076
18926
24884
20092
24745
21630
27148
25872
27617
25400
31300
33315
24321
21383
23619
25094
22365
28912
31173
34085
28556
29753
19752
25431
27708
25206
21677
30472
26980
18250
27268
32821
26194
19060
27063
28451
29816
29255
23486
19433
22188
19887
18418
20757
28691
30699
32960
28493
27086
20666
18960
22093
22197
23826
19106
25345
25490
29717
34726
21143
30926
19115
26126
33992
27924
25508
33560
29688
28076
29977
21944
26936
27259
18660
19442
19674
28591
20206
20021
26235
31725
25167
20432
22091
29210
33573
24542
27788
29494
19521
20033
24142
24319
28736
23292
20956
23466
32971
21226
31070
22976
19387
19328
23130
31047
33073
24164
33950
24996
18618
29154
21348
25747
27528
30824
31166
23457
21254
33652
19056
27913
20324
29936
29270
33463
24246
21268
23027
18945
33189
24600
19886
30045
24730
23006
19445
29879
25771
29163
21500
33252
29157
33195
25736
31072
20330
32787
22440
19501
25767
18786
27251
19070
24647
25655
25601
21985
22710
18566
25527
21411
29403
33025
25618
32825
25991
28045
22651
21137
26021
24129
30766
31739
19722
25127
29083
19191
22626
32815
20078
23286
27233
32974
18949
21207
31075
29276
34091
25441
27453
20939
28509
22801
27015
29107
31440
18314
18881
27105
27719
25622
22733
19308
30471
25207
19370
19167
27146
26834
24767
19036
25924
26353
29848
23072
28549
21475
22923
34859
30979
18251
25925
25911
24065
25034
27289
30125
33043
30026
22398
29883
25541
21401
29531
24239
20319
23976
19644
27070
27203
32696
22211
26480
25785
27376
23111
26173
20311
18503
24393
21531
27103
32978
23202
21836
25532
25923
33455
32848
25976
25994
19399
33169
22079
20938
22380
28207
29076
25787
25590
33068
34682
26262
19724
25145
18323
25230
22603
23026
25993
22356
29201
20316
18262
18585
34006
26945
30313
26119
19557
22664
19127
19112
26243
28211
19187
31518
24990
25464
20896
19439
25419
22277
34825
25130
28527
21615
28112
20128
24947
19116
20703
24559
29835
22070
29199
28270
24236
18602
23860
20412
25706
23249
19825
25561
18493
18161
18219
21843
18908
18517
22269
23557
25737
28787
31680
31442
20238
18197
31472
30964
18898
18720
18397
31130
32348
23702
18938
31094
22044
20091
28512
20788
22725
19043
28976
23989
21233
25861
30728
23940
19806
22881
18507
24399
24438
26572
25522
28573
19883
28535
21202
23556
19504
21460
28680
20762
22172
19379
24203
18770
23237
21893
31371
27003
21696
19174
26630
34278
18266
18980
24355
27552
19281
33622
18501
27429
19573
24577
26864
28264
18875
24900
28421
25517
25985
28424
33061
29096
27540
25212
19011
34685
30240
25078
18434
19298
20154
21646
20361
27126
20322
32878
18495
22183
24026
32905
29725
29258
29583
24915
19698
18259
19711
21895
18893
18632
18332
22339
25010
21575
19139
33613
23526
26541
19179
28091
26152
18759
32888
22051
23075
25586
30994
28196
21525
28927
23955
21796
23088
31334
21438
24432
21430
33917
19914
26124
31665
23112
21786
31767
33164
20741
23884
28648
20129
18663
28674
19307
32394
21608
27857
19014
28879
24609
29863
21686
33453
21700
27095
30915
32799
18565
27322
22184
27405
28150
18311
20759
18809
21122
21197
33172
18234
34016
18399
31066
19277
22364
19053
22787
23085
33070
22089
27904
20141
27232
26543
27863
24777
33178
25996
18374
29457
23925
23674
23997
23059
28696
26843
24255
26150
20366
32948
30459
21299
21667
18206
25153
31483
18436
23243
25012
27446
24194
23488
26872
18571
20603
23765
20157
33222
22643
25830
23012
20064
28402
33052
22496
23216
22890
22045
18766
24830
25853
21462
26865
20929
24895
33014
20181
19889
30996
20015
18562
21447
27392
21872
20126
22484
24562
18491
19457
24510
28281
27033
19861
31922
22390
20086
28925
25372
25273
20258
20223
21125
27836
34509
27025
18722
28417
31036
27632
24950
24570
26018
28238
27383
32867
33157
19648
28006
33905
25806
24484
26671
24154
24837
23599
24173
28148
18263
33979
21852
24106
27767
21311
27725
25411
22059
19532
20808
21781
18544
23723
24216
31063
24618
25952
34362
25606
18869
26502
18796
18746
29433
22962
19838
25981
26011
30390
30265
19970
23194
30270
33326
22351
19476
29968
25481
21344
33962
25895
23387
21309
21478
25068
31203
24637
24568
28601
24879
24669
27609
34348
33205
30667
19642
32755
22843
18592
29053
18608
21812
23037
28312
21270
20067
18545
25881
27435
18353
24468
31910
23186
33878
24118
29665
33889
26456
20457
25646
21229
19770
25971
21598
21742
32745
31165
23805
25196
25566
18357
20888
23948
26316
30884
33180
19020
28181
33636
29359
22139
22928
18385
20349
18538
33008
19979
24855
20083
24526
23610
24859
24894
25880
31817
18617
18781
19792
23201
22592
30985
27571
22012
25555
23712
22478
23366
29396
21886
27196
27034
31583
30971
21445
27381
21724
29007
33296
30059
19836
20694
33094
26117
29491
25886
23031
28813
31050
26234
21577
24213
24663
24500
32334
31141
25612
19621
24054
25681
18346
18484
24624
29167
27914
33116
28790
26981
19993
21222
23903
26425
26129
28681
33969
22616
24336
26086
28128
30734
18343
27244
26103
19490
23917
25437
21067
27111
24070
33532
23009
28130
31456
26417
26530
23322
25797
18325
26523
27936
24828
18707
18727
19019
29518
27133
19085
19401
18785
31013
22678
19435
26318
27693
22829
23868
20822
26635
29909
32298
27789
20466
32843
28018
20878
33049
26626
21075
29416
23204
26002
31079
33500
21149
25564
27626
21943
23316
32098
32296
19808
26359
27686
22868
24930
27248
29295
26497
24533
23769
32739
26920
26366
30695
18464
19777
21866
32838
28197
26204
27532
25128
28959
26509
18499
33046
26395
32742
34629
24653
19570
21313
30869
22748
24356
19049
27795
18210
22337
24501
22728
31006
20458
18957
26406
20224
29013
26528
29336
34081
27520
20220
30829
22146
26430
24574
30633
27572
27130
28610
25102
32975
18247
22737
30940
26832
26361
18849
22389
22773
26213
27340
21449
26785
29520
21190
22305
29649
25710
25219
21002
33096
22213
21380
29158
32942
19252
21429
28024
25802
27727
28544
20706
24747
18822
19671
33504
22889
19343
21785
18950
25164
21557
21315
23036
25435
22631
18680
25327
27672
24927
29202
18657
22415
29006
20005
30307
27084
22786
30120
22092
31337
24267
30271
20159
25811
31969
27899
19906
25563
33971
18787
34113
33084
33321
21283
21005
29161
20920
26281
22178
19293
22157
22169
27326
23065
20002
25323
25109
22972
25317
18684
33550
22757
22853
25744
24766
27080
33150
19171
18359
32937
34654
25472
26141
22248
21265
22621
21548
18872
27605
29229
24108
32174
18682
18631
28717
26100
29277
22114
20857
20739
27264
19862
25883
25638
32801
28893
32981
27241
22285
24124
24132
22405
22434
21072
28167
24607
20733
21947
31106
27603
31491
23671
27500
30001
19537
22319
26319
18373
28278
22783
28938
19561
27584
29702
23287
19369
33215
24147
27806
23842
25364
24460
30165
23062
26985
22591
30817
29436
19233
20665
27887
21664
33048
22088
24791
21983
32889
21884
27382
24362
18852
23992
32811
23583
27198
33317
25011
19486
28701
29557
20350
24273
20214
28693
20427
32945
23655
33123
27624
26396
29386
22546
25358
19255
20996
20003
32842
21019
19367
27596
21701
22261
33085
25602
26513
24420
24104
18242
25266
28256
25191
20066
22692
22085
19516
22585
30878
25474
28042
22061
20184
31706
29042
20886
18812
20208
27970
25817
33188
21951
29376
24340
21682
24345
30729
27544
29707
27283
24787
23866
19965
28600
29921
27869
23198
21988
34340
27874
24390
22246
18716
27280
25722
26076
34689
27267
22281
30199
30933
29298
21178
21297
31311
21980
28637
24381
25547
33255
29061
21367
25709
32946
28428
19287
20124
22304
18672
23300
19665
24712
18924
30110
22497
31716
21650
25205
25798
29963
34854
27912
30626
33334
28434
26242
34708
21247
21169
31377
24057
19553
23751
19583
27478
20949
25040
30718
24914
22293
22594
20664
20108
18863
24088
27718
34162
23500
20308
29666
31727
20040
33729
27137
21102
21590
24973
19418
32541
26225
22930
18683
20784
23188
24383
25540
30213
28099
24084
26183
28459
30162
21623
25668
22735
27396
32194
27834
27699
30977
28255
28745
19131
34082
27511
24992
29311
28770
29341
25947
20029
27356
31017
19183
18340
25716
18233
20217
28332
20087
24957
22723
22736
23776
27330
25283
19271
27316
21934
20215
30217
28581
26908
21618
24670
24472
21514
25233
19411
30778
25647
20774
33038
28872
34025
20814
20881
28331
33571
23277
25150
29911
18611
19520
24011
27104
21152
25365
25434
22162
21080
24977
19066
27538
24942
18341
24906
19469
19807
29698
20821
27351
29300
25729
33527
24677
27665
24073
19416
28199
18768
25328
20027
28088
27092
33584
19052
21032
22251
33864
22675
25791
33006
24217
21290
31751
20337
25303
23082
33922
25478
21381
26161
20682
32989
27007
20807
21529
26493
28173
33473
18575
30298
26536
27106
29051
26441
26089
29297
23664
22822
24044
20256
22375
19496
32681
29397
19449
19649
28901
29326
22653
20941
23273
24680
28004
32100
33142
22593
25374
33103
18756
25979
21820
18837
26714
22765
25873
32285
25299
29226
25809
22918
27976
31548
28049
23622
18895
26807
25163
25621
23121
21211
30834
29627
32874
32906
21563
26873
25512
19805
26805
22295
26200
22303
30214
21695
21885
29585
32632
24583
21053
23755
27921
26144
32839
23070
22167
22235
21266
31603
32498
25896
24844
34736
28170
25072
21772
29129
30030
23172
24133
34155
21127
22691
18537
19283
27947
22796
21331
21937
24488
20396
20291
27825
31931
26412
21873
28598
21389
20429
20113
20702
29709
31114
20825
28834
23191
33493
29485
26310
33816
32029
19628
20663
26956
32847
32860
22873
18189
33715
18975
28383
23770
27338
27019
23176
22722
29110
22349
19855
22192
22151
23234
20718
18988
23911
24603
22826
18442
27250
18828
18739
29978
33733
21819
25217
23542
18513
27694
24478
18696
28202
26481
21138
31048
24692
28536
21829
34349
27485
28655
20891
33114
34612
18494
33476
26266
20992
21579
27164
24033
23498
24754
28766
21079
33609
26315
18752
33176
18669
21081
28876
34576
21792
27185
18911
22883
19901
28172
28792
28836
29147
21362
28261
34217
21839
23754
25489
33525
22632
28217
27281
22333
22911
21654
26912
22270
30456
18900
22842
25422
23745
27265
28686
21356
23951
33022
25004
26976
25430
18878
30478
18710
30299
20073
21126
30938
29073
32095
32734
18620
26332
29478
19716
29169
23646
31110
18422
19788
28251
18736
19458
21173
28220
29305
18411
18927
18961
21171
19413
24449
32928
28436
28017
22657
28594
25103
19443
22194
29046
29214
25293
22181
22726
25160
28213
19325
25637
18316
21136
28359
19499
20037
24534
20670
20353
25338
21412
34263
29248
30703
26147
20662
32829
21354
19484
25757
24932
28758
27553
18962
31575
26042
27846
25218
20719
27274
22634
28963
25848
26885
24514
23110
22043
21776
33644
23725
23424
27272
25928
20225
20982
22159
34549
24037
32058
22150
34638
18413
24415
20018
28240
29930
19288
20687
21208
24897
25889
28523
31136
20558
26136
20028
20252
19559
22168
22821
29373
28092
27053
22655
21339
30141
27042
22038
21840
31370
27888
33845
22406
29092
27065
18417
19007
26428
22695
24135
22388
27653
25675
24662
29774
18648
21014
24706
23832
29260
29673
22129
23150
30343
30747
21877
28572
20494
25910
27049
18508
19253
21904
26208
31024
19380
22312
22611
24943
32633
28793
21659
19209
28743
31071
28776
20882
27907
23952
27835
22423
26092
22598
18677
21585
28267
22279
23638
25549
23649
24182
27681
34416
25617
21903
18273
26228
32823
28340
20207
28117
19201
19450
18231
18833
28293
28667
20954
28786
24784
21868
29743
32142
21653
27437
27178
27610
29435
33987
28450
27635
19841
18463
32716
25264
24527
25008
27183
18894
27204
18860
18656
18845
29995
18450
31620
25139
24337
24650
26852
19799
34817
30315
30708
24007
19446
27479
24160
34852
27920
24155
23697
30113
18619
27399
23680
29465
27010
25604
27170
24167
30485
25019
25492
33725
21469
31185
24788
20210
29985
19254
18731
26033
27964
33093
28764
33202
24976
19630
29160
33458
19391
33303
28149
33196
26091
29490
31023
22948
24476
24923
27587
28679
29383
27776
33415
20963
29021
18550
31689
18443
22221
25822
21057
25529
33973
33988
33209
18509
28420
26561
20768
19251
23136
26238
23552
21007
26384
28439
25241
25496
23846
32086
34661
25453
28962
27764
20470
28147
19689
24209
27377
21892
30949
18969
27847
27189
34161
30707
29983
19159
20379
21547
26898
26416
25221
28885
22317
20305
22428
29184
21008
27075
21542
30188
19625
19107
24508
22502
20345
31093
20836
29809
25035
28214
23865
23520
21034
21538
24152
19721
23841
34690
20270
20486
26064
18425
31485
29162
30440
21437
28476
18728
30092
27040
22959
28533
22927
32264
20104
26006
24602
21560
28589
20542
21730
28555
21649
21956
30916
20267
21838
19787
29500
34393
29206
21476
19417
30690
29463
26861
31466
28485
20303
25480
25211
19571
28977
27163
20858
20997
22542
18942
19737
28053
25595
22418
24566
19045
18923
24262
20760
27749
21965
18371
18857
28618
22413
25884
28491
30725
26511
24654
33135
27980
28719
26492
20892
27156
24275
24156
23603
19782
26343
25562
20803
28575
24909
28742
26063
27452
18504
20007
22376
25654
27118
19832
18162
24232
25565
18742
27284
28989
19323
27800
23695
18735
19313
25893
31092
25870
20969
31160
21750
27131
26038
20406
22110
19736
27357
28233
28333
25703
31270
27252
18291
24306
34002
28704
26336
29072
28779
20631
31679
27463
32944
21522
31451
23069
20475
19186
34253
27385
25442
31315
19113
31283
27295
24024
20723
20811
28526
28731
23040
22708
28273
26508
26592
28830
22515
19843
29489
19000
22357
32439
26984
27374
19344
20970
31774
28279
24885
27850
24821
27487
30283
21924
28198
23869
21652
22851
25728
19149
27810
22797
20897
27038
24537
32072
18572
24555
24270
27972
24759
21679
26938
24312
18981
22252
32891
32257
25579
26510
23205
27292
21833
24421
21756
27841
19680
20271
27239
20279
26030
25643
19664
25855
23475
24917
34772
34211
21513
18967
18319
20729
30068
20977
18626
28706
32832
30461
31525
24813
24779
27916
30135
22661
23218
28588
33034
22835
26284
23690
22352
18431
18774
28361
32600
25652
26202
33375
28550
19235
28177
23681
18474
19850
22627
32476
25456
28832
21465
34147
23859
29380
20919
33182
27550
33207
32046
33903
20056
23460
30826
32970
20261
20232
29730
26357
32678
19540
34029
32694
22986
26932
20918
33965
26613
19709
21433
20674
27100
25755
27186
33960
21809
28807
26408
28753
20450
34094
22171
22158
29593
22615
27582
31559
21255
21428
30050
22734
31438
23476
32851
27432
22500
24686
33488
28553
21264
24913
30155
33372
20646
22608
30923
26108
20973
21835
28440
25321
28750
24237
28641
31296
18755
28343
25877
24388
18380
23936
24540
20424
19481
19853
18563
26954
28801
23174
28131
26250
27504
24280
21911
33011
33045
25301
33298
19776
24790
23922
31082
21071
22118
21100
27990
21518
28059
28510
24929
33221
19666
28578
32949
19818
20331
21826
27573
24893
22628
28942
28390
23119
33553
25210
22917
23701
24731
20174
30225
24087
24330
31734
20552
18475
29948
26822
22308
26097
19051
18840
31332
25238
20360
27008
28713
25961
25319
20737
25081
27695
26050
28571
24004
21420
24463
18982
28972
27394
21232
27041
27043
31115
27220
21752
33486
25114
20866
28660
27674
25930
24396
25106
24911
20794
24150
25038
19196
22652
27215
18966
19079
25057
33975
19027
19032
34649
19675
31111
23972
29714
20734
18886
18642
22803
24751
24598
25557
33086
18740
26680
23280
29603
24868
23207
22958
21504
25203
19656
20338
26532
34074
24775
19751
30646
23086
26222
23184
21365
25653
19833
22774
24634
27615
33674
20480
25832
19193
26999
25640
22571
25511
29211
21523
21395
28954
18333
23156
28153
30480
21333
26210
18406
29461
25858
22476
32817
22193
23876
19522
20806
20254
33156
19404
19714
26394
25174
21020
18568
30410
18933
21463
18457
26446
21746
26380
26296
25388
34112
19285
24222
25460
26169
32604
27797
23200
19331
20313
20286
33065
18698
31133
18844
26660
20898
23850
24717
20301
27956
26084
22456
20673
25984
30060
33098
29122
24682
24079
24284
23963
24120
24363
30698
28574
22001
31746
25950
32566
23153
22945
18794
25003
27350
19888
22082
18999
18249
28525
18257
28242
31007
24711
26783
28075
23939
18223
19548
20318
28995
23132
26405
30010
25588
28968
19305
27310
18753
18944
19985
32925
27440
21594
26462
23759
31619
22663
20675
30702
26127
24564
23844
28322
28580
26285
23967
27360
19735
20227
21541
29411
19280
20012
24063
18953
25240
26017
24852
25147
22273
25948
28422
34849
19415
29132
34627
18733
34747
20880
20115
29324
33311
27502
24486
25061
22602
21865
18530
18578
22649
32639
19719
22262
27439
23120
24920
30969
26438
18778
25322
19783
25730
25882
19170
19114
25289
24507
28570
26346
19092
32319
22384
26770
28820
24982
23829
22041
27132
23960
28108
22793
23479
26992
22115
22138
29349
29172
30739
19780
27426
30232
27844
18581
30322
24593
26448
26689
25401
21569
29891
23856
19038
25304
20877
18989
25101
22610
21544
25020
28326
23397
29315
27705
24887
27436
31915
28917
25022
28887
30342
28620
27320
34030
28651
22318
22237
22714
24253
22806
23148
22200
26381
19125
19796
27023
22165
19129
34190
23811
27138
32702
27194
26223
23676
24958
24802
23677
34324
22240
20025
20148
22784
25416
23213
33078
18540
23849
24391
21870
20707
29354
27208
32885
28026
28710
27014
23699
26619
33653
19275
24259
23310
24581
28741
18711
25966
18427
32266
19046
29697
18919
22901
26556
23078
22042
29119
21322
26576
22961
20901
31624
26846
18321
21121
25409
22155
27906
29005
34020
33451
23766
22290
25449
27341
22727
28748
29238
19184
33777
32892
25313
29347
32857
21378
25202
27523
30806
20471
26069
22402
19462
20173
20633
27403
31458
18676
24409
19759
27713
18596
26283
30887
33378
28703
29997
21932
24052
21979
28218
30425
22268
21527
33223
27395
28039
23446
20473
25558
19509
30317
25726
24632
24838
22362
29555
19998
26212
18227
24114
19932
20875
29971
22896
19312
21414
25390
29308
21928
18634
31100
29173
21239
23812
19160
21744
18510
31864
28702
22291
24623
22394
30687
29382
23830
27647
28768
31747
27071
23554
25214
32982
26813
28545
22969
29699
23158
19076
21491
33320
23806
31098
21186
23149
23964
28514
29558
31359
34672
19025
27682
22823
29664
23608
23652
18605
28133
33895
21580
21657
24371
24760
21745
29219
28698
28894
19324
20250
18603
18518
26312
19712
24638
20187
27991
23452
21939
21043
31188
22685
26463
24218
23953
27161
18941
19262
27673
20090
22141
29009
18861
21314
24051
24993
28740
23752
20459
19870
29135
27644
24299
25799
30267
28115
31687
25719
22858
29721
22446
21329
26882
29351
23890
24171
24276
24430
28385
25815
22223
28002
23687
34047
27778
24612
25355
19531
27908
20472
28621
25978
19407
27620
34676
29655
18959
21787
18633
27192
24703
26792
22878
23133
23245
29030
27831
28799
27413
29719
29710
30790
24184
31026
28224
27293
21382
27456
22046
20549
19731
24610
18198
25780
30302
27589
19472
24322
18229
23931
18265
19315
21931
28014
18388
26461
19342
23746
30868
33654
18180
29095
28405
22758
30061
29231
24304
25837
20310
20341
29878
20985
21997
29970
20895
22998
28640
30867
29236
18935
24188
18686
28622
25975
21219
28275
23437
34004
21108
18224
19514
21427
23055
24840
20824
19696
25263
34590
25514
20779
28472
20045
20716
30856
18159
19269
34389
33306
30139
28827
31614
27549
29027
33112
27599
19894
31140
19593
26290
20274
22097
33275
27364
18423
18243
25520
33395
25592
19432
22392
31462
21424
25840
19491
30034
19960
24452
33897
25429
18715
20390
18440
28683
20823
27393
22580
22549
22366
22966
19385
19702
21945
33938
22111
30284
31760
20288
24569
32943
33658
23161
22143
22790
20931
21119
27277
24339
33140
23385
24974
21103
24721
34049
33158
25960
