45875
46579
45376
45420
46193
48892
45240
45715
47193
45806
48427
45238
45244
46733
38367
46934
47941
44823
45344
45226
48594
46224
45874
45235
46251
49140
48690
45638
47253
48408
45846
45181
46001
47973
39012
45755
44892
47848
41223
46033
46789
48411
48606
45789
45869
46865
46040
48082
46307
45261
47871
48682
45666
45146
45336
46482
45478
45453
45645
48216
45659
46820
47587
48788
45847
48969
49064
46255
45468
46869
47330
48615
48629
47085
40187
45593
47477
49250
48018
45448
46199
46666
48380
48174
46767
48382
45626
46473
45168
46442
45205
45387
39771
49007
45164
45353
47645
48356
48004
46467
48037
45800
47952
45929
38163
41027
46814
46152
47101
45842
46926
48208
49117
49157
40951
46485
45315
37975
48705
45724
48622
39746
45961
46955
48556
46758
45195
48782
45135
46798
48251
46737
47814
48902
45210
48775
48496
45790
45437
47201
46166
45463
41085
46528
46644
46126
45222
46420
48167
46876
47272
41079
45206
46793
49198
46833
47956
45876
45950
48225
48503
49134
45672
46895
48023
45270
45605
48887
45831
46095
46924
47440
47507
47744
45907
46768
45703
46075
48298
45390
48339
45087
47232
45939
45717
45578
45228
46311
45797
46401
47415
45820
46429
47408
47523
47629
45499
48530
46461
46806
46144
39011
45601
46751
47515
48780
49027
46972
45245
48013
45392
48587
48843
48467
47470
47447
38972
48233
47168
46103
45893
45959
45301
46624
46642
47273
45326
46277
48078
46819
48141
41089
46634
47327
45504
46630
45200
47966
48616
45744
45308
44766
47633
49162
46794
48513
48173
45314
47484
47517
48224
48620
48533
45845
45843
48222
46560
46035
48080
46058
47613
47757
46264
47598
45383
45473
40486
45619
48538
47937
41086
48052
38886
49341
45767
45156
45180
47846
45422
46870
46971
47758
46146
48012
45302
48501
45757
45632
45260
46056
47742
45413
45630
47562
37967
48244
48865
48783
46376
45067
48150
45361
45589
47181
45652
46491
48227
46801
40764
46498
39439
48743
48746
49156
45561
48377
37964
48777
45267
45580
41081
46405
45456
49069
48517
47728
48766
46557
47582
48079
45284
47267
47290
45695
45919
49082
45635
48337
45500
46210
45892
46834
46201
46014
44819
49195
47579
48378
46313
45382
47072
47238
49023
48540
49142
49149
47183
46554
40860
47426
46397
45756
46437
46992
44781
47563
46987
45407
48264
46340
46537
45577
49068
40540
46076
45674
46525
38015
47927
47233
45182
48778
48584
48696
48878
49185
45388
45825
48166
46906
48733
46994
48032
46829
46835
49167
45338
45828
47935
48014
45816
47300
46521
45375
48996
46883
45263
48814
45676
45636
45203
47659
45331
41529
47658
45681
47317
45707
46894
49133
49292
46143
48220
46659
46873
46480
45196
40292
48256
47884
48064
45940
46885
46080
45400
48419
46609
45433
47634
48148
47223
48791
41269
48122
47676
47146
47130
41146
46017
47560
46422
45873
45977
48102
46462
46029
46179
47632
48358
49131
46649
46157
45429
48768
48284
39286
40643
47592
46197
40402
45172
45853
47254
47187
47584
48820
45397
46563
45189
45242
48479
46054
46995
46603
46120
49160
45809
48837
47971
46959
49116
48901
46544
47759
47016
47256
47268
45166
47506
47649
46209
47321
48002
45001
49017
45803
45444
46425
46754
46225
47428
45981
40774
47320
46726
45607
48652
49194
47154
47969
48040
49086
46577
46173
48024
46852
39028
48047
45220
45777
41370
46479
47618
48144
48491
48373
45753
38992
47981
45684
48905
48282
46993
48876
47741
46145
45256
48124
45162
45857
45745
41493
48230
45461
46828
46889
48196
47858
45543
45618
47974
45995
45237
45941
47959
46586
47666
47174
47155
47006
46657
45844
45275
49190
47362
47108
47294
46966
45430
48176
48740
46877
45913
46204
46749
45933
45570
48724
48858
49210
47161
41450
48159
48528
44992
46932
45894
48623
46596
48834
48846
48781
48137
46831
47424
45937
47999
45527
48744
47526
44853
46581
44851
41004
47655
46127
44991
40589
48314
45161
48662
48010
47162
46855
40215
45861
45673
47257
45396
46002
46585
46759
46421
49181
45815
45404
46948
46817
49025
45836
46200
45470
46653
48495
45213
48475
38165
47607
46229
49078
47291
39632
46217
45347
47388
45970
45464
46478
45467
45123
48249
45963
48006
46590
48684
46092
45679
46117
47326
48266
46958
47020
45962
46211
46808
48286
45743
46043
39727
47045
45512
49218
46611
47818
47928
45615
46159
47117
37962
48984
45573
46187
48027
45938
48215
45650
49065
49012
45517
46094
47134
47098
45858
49093
47180
47945
46922
45505
47319
46063
47056
39283
48464
47857
47433
46116
48638
48381
45194
46567
46597
48994
48677
49020
47940
45868
48839
45292
45474
49100
47569
45252
48242
48036
47225
49222
40715
47285
46208
49182
47944
46717
46064
45588
45633
47052
48363
49030
45569
44767
47019
47091
47153
46900
45576
46317
47669
47182
47452
45410
46131
45748
46044
48226
45462
39698
49309
45879
47313
46953
48911
47975
47259
46832
46640
45608
47929
46090
47185
48429
46957
48848
39441
49169
48177
45960
47133
45246
39677
47627
47856
48418
45426
47364
47534
45746
49151
46132
46475
48519
48130
46252
45660
48126
45198
48536
46236
47730
47593
47102
46466
47438
45223
46161
48873
48229
48195
47514
47570
45699
48158
47028
46505
45297
45783
47281
48175
48859
48897
40213
45682
46494
46323
46459
46939
47057
47192
49033
48271
40231
45947
47503
45738
46561
47622
47296
48694
46668
46424
46743
45971
45944
46727
46738
49135
45553
45677
46477
39459
41149
46213
48051
47025
48450
46172
46471
46639
46853
46954
41083
48609
47318
48209
46695
46198
46648
46520
45184
45936
47732
48995
46196
45454
46034
45329
48621
45000
47279
46962
45513
49028
41544
45698
45365
40765
45356
49041
46153
45466
48008
45920
47867
45332
47017
48742
46667
47423
46799
47410
45667
48343
47671
48916
45613
49189
46741
45248
47993
46988
45788
47978
47701
46205
48231
49125
48257
48689
46484
48219
47697
45796
47839
48020
45830
48660
48197
45417
46762
49155
45669
47086
46381
48416
46124
46863
46704
46445
40773
46601
45445
46617
45974
39157
47642
46628
46322
47163
45480
45693
47449
46259
48071
49173
47018
47070
47151
45794
46606
48794
47387
46942
46536
41535
45232
49090
45664
45597
45840
47565
46108
37963
46930
46476
45312
46538
48628
45142
48207
46825
46535
45524
46089
47284
45416
48566
45266
48135
44929
47005
46880
46890
45784
45849
48066
46408
47531
47615
39434
45343
45296
45440
39793
47328
48899
45702
45559
46332
48625
47953
47623
45884
45735
48400
47389
46779
45791
47729
41452
48502
46436
48948
45762
45221
45132
45350
47625
45812
47567
46582
47275
48769
47092
46783
45625
48250
46506
39370
48313
48268
47197
46134
45923
47471
47745
48659
45408
40906
49196
45179
48287
46086
48953
41017
46150
46553
48202
45368
45359
45916
47251
46805
49031
48428
46455
47721
47616
47386
49152
46949
47630
45680
47413
49184
45571
47314
45852
46418
46720
48439
46013
46343
47620
45230
46186
45807
45606
41003
45780
47096
47907
47370
47054
39355
45661
45285
45705
45450
46430
45575
40504
46463
47129
48165
46245
45860
46527
45737
48526
48184
48871
48223
46019
45197
48413
49132
46188
48204
45786
49193
45968
47039
46500
47985
48900
41401
47903
48011
47612
48636
46909
45130
45871
47933
46348
46233
48612
45192
48386
49088
46836
47324
45867
44818
49462
48701
46316
45792
46490
46824
48695
48371
46168
47235
46207
45501
46857
46427
45924
45227
49092
47333
45841
45199
46573
45457
45572
46802
46871
48635
46532
48452
47315
45425
46061
45810
49016
45675
46539
48253
41195
47207
48752
46464
48379
47574
47556
46293
45690
48722
46595
46446
46074
49015
46660
48854
39484
45624
48000
46487
48855
46133
46522
47255
47203
48771
46716
45176
48819
46190
45159
47628
46176
48100
49246
46192
45477
48789
47561
48255
44793
46203
46571
49205
49040
45848
46765
46128
46356
46569
46440
45290
45955
45372
48248
