36738
42177
35331
37570
37775
41736
37877
2742
42042
40226
41456
38308
36815
40550
41173
42532
41783
3213
43243
40523
44106
36312
43084
2741
43468
35447
35234
40731
36877
38758
36812
35987
43136
739
42072
41281
41851
1473
499
39566
42721
37823
40110
39529
44618
38504
36493
41884
43220
36655
44722
37749
43081
44716
35785
37927
3372
40647
40948
40129
3024
36729
44345
36987
38853
43033
37179
38820
2598
36218
35556
2416
36220
38497
3367
43250
43223
37437
40973
39587
41294
43916
41120
42660
48688
45004
42102
37626
39356
40646
44164
39416
38866
41162
43085
35477
36114
37944
35979
42086
37952
37747
42747
43477
42076
2346
2773
36612
44954
36308
36704
2687
43719
49052
35326
2217
2868
39695
35064
40845
37507
2588
37238
37362
3278
37725
3375
41414
36138
41419
41377
43323
40303
35650
43553
44071
38667
42202
39129
42097
40252
40837
35505
38070
44233
42260
2603
48401
45143
39543
39972
2444
39087
38473
2807
3005
2478
35744
35496
43619
41687
41360
39380
40657
42321
44897
37493
41552
35617
43598
42320
36245
2684
42472
43066
2957
40771
2287
48829
38558
42507
43515
43747
44952
3154
39939
42173
38557
45096
44969
37481
36714
2391
36992
341
35811
40722
38220
41130
44907
40468
39620
38471
38844
41578
41880
40743
42844
2614
41330
2691
44503
42015
41811
40859
36980
36534
2802
37243
2676
40230
43687
42685
42401
45038
41238
2234
35635
47354
40963
39723
40605
41674
40293
36656
2871
36613
39482
41157
41053
2406
36811
2710
41517
36702
2980
36939
2314
37434
40824
43673
44419
36585
44494
42481
38931
37152
38406
38571
38582
2270
2542
44451
48431
39515
37116
768
38797
36007
2885
36671
37466
37314
42112
41046
38620
41828
2799
40378
42073
39778
38701
40710
38216
3322
42466
42468
42501
772
1351
3214
40393
35319
44355
43781
1299
36110
39568
39404
38041
39944
43179
2296
2377
40755
37323
41429
44650
2590
37226
44535
42011
37891
340
35441
42111
36336
42893
43849
37710
43634
3078
36854
37548
43782
2784
39316
724
37673
37575
39114
43845
39562
3217
36958
44524
39224
37808
39699
41161
43680
40869
36351
37892
38474
34864
36725
43306
38731
39269
39226
39670
41699
40737
2692
40425
39388
37942
39799
39041
42475
48522
36277
2989
3105
37298
39875
2342
36716
36953
36257
35794
41411
36525
41713
40140
36431
37245
41016
37202
42921
41934
35627
35549
43077
44721
36142
42932
41666
39983
40655
41391
42885
36293
40817
38484
40487
42991
45003
37906
38288
2260
39991
40264
39707
41947
41382
41918
44935
36116
38518
38541
3309
37248
574
44007
43939
44533
41605
43544
37043
37081
2370
35925
38676
42037
43204
349
41770
40035
42541
39501
41474
48983
38417
38757
43588
40389
36171
40568
2383
44317
35111
36828
44921
36147
35804
2366
36606
2681
43989
2505
39525
2439
2386
38252
43113
41856
2631
36117
35980
40054
39091
37591
37147
44713
40619
42625
43720
42975
41118
43004
36385
36961
36772
37711
42041
3128
36039
42829
38899
2242
37018
42435
37592
2252
37494
2577
40490
37300
3268
43061
38833
3258
41774
42445
42610
41477
37774
42815
43894
41098
37413
41248
43149
41113
37980
36161
35481
40083
36281
716
37764
35894
35096
40424
41065
41908
38912
43508
2960
35197
42311
42895
2253
37105
2834
43201
38940
2315
40394
36342
39111
42186
37722
44463
38682
35584
37863
42181
37770
43870
37924
40664
38624
42257
44433
44982
44950
44910
2136
40316
40318
3281
38789
552
37235
35580
36037
40045
43967
42754
280
43629
43964
41484
40388
43361
35786
35196
2648
2488
42307
36015
44814
35274
43704
42043
35946
37737
36200
3364
39183
41042
43626
2864
182
41168
1398
36709
2510
1277
38941
37100
37649
39395
44651
2880
43784
40099
36897
42776
2779
44755
36499
42335
38463
39828
39968
40270
35517
2578
38170
37698
3194
37329
40808
43009
36442
39665
37887
39433
39394
38948
42342
43599
3222
37400
44943
43875
41015
39160
2790
40149
1472
39060
41513
36784
42317
754
36331
40535
41141
37196
40259
42359
41661
42389
36428
40125
43157
2332
39461
42007
40872
38233
37650
42176
37982
36258
48319
44673
40793
38319
36554
40884
41868
41756
40576
36621
35440
40279
40727
40021
40102
39614
3379
38898
37356
43153
43469
41052
40834
43133
35672
39696
40473
44186
41679
38559
36792
41518
40336
41000
43722
42246
43988
48521
35527
38745
43564
43060
42167
38218
2405
42259
39621
2753
36889
37136
1293
36495
42182
41455
36550
37129
39539
40972
38922
3377
38418
37676
43325
37642
36316
44145
36201
44243
37690
42652
42884
38536
43623
37835
39964
3236
40952
35509
2898
2236
3283
43735
3212
38800
2355
40461
38492
40131
3196
36937
37428
41077
285
41174
1314
45103
35916
39279
35814
43831
37110
36034
40419
43925
37021
38307
43679
36978
44049
43140
38535
39177
39275
44875
42983
36092
42415
40059
2847
43394
40211
40874
3106
42547
2434
37037
37664
37316
42518
42738
40583
35761
1329
35609
43946
36210
37889
42705
40056
2943
2558
43686
38296
45075
41533
36466
36083
41023
42490
40801
41293
44495
43522
550
38315
43287
41861
42959
36821
35909
37464
43067
43208
35876
41351
36202
2586
37793
40154
35970
2769
39480
43227
36927
42732
39618
38663
41071
44945
40053
44661
37586
3119
44985
37418
37331
36557
37608
36199
36119
37311
2334
42358
2903
35765
41716
44089
39967
42369
37560
38286
35776
41170
36564
41670
41745
38435
2872
42762
41754
36008
42526
35071
43789
39605
2700
37370
42649
35316
40552
44183
44975
40477
2513
38029
37468
39342
37795
39833
42152
41664
42217
3142
39295
48637
36469
39153
42387
40465
45025
38382
35067
2575
36644
38018
41985
36809
36787
35802
43537
2958
3051
35423
42350
44953
37030
37054
2811
40324
36455
36055
554
36492
38199
36719
39496
35990
42226
42008
36875
2752
44504
39950
35091
35910
37280
3199
38193
47241
43902
41747
42594
42203
42506
44446
39209
43507
43502
40134
37756
43630
43194
42038
42294
42540
2198
39518
36491
41914
38034
36731
43254
43129
36239
37874
39481
3288
39791
2866
38526
42603
44056
44163
44659
39926
39600
36526
35235
37587
39345
38771
41703
41214
38762
35407
35121
36130
40672
38909
35875
42250
45095
40027
36962
37506
3159
40420
35647
41534
39887
331
2690
40074
2637
43002
39237
35270
3004
35637
38522
39653
44098
44019
41707
2737
557
37275
41275
44273
35788
40740
37753
43190
2524
2225
44986
2308
44728
44148
39658
40333
42137
40976
43036
2447
41443
752
40687
36664
42266
43605
37870
44435
2904
43790
42499
44270
44255
37667
38059
39514
39924
41384
2647
38622
38262
35062
42394
2508
1425
2615
45039
47922
36530
40418
42539
38264
43900
35533
35102
42333
37986
3045
39645
39540
38858
545
44313
315
39516
43546
44365
43647
3111
36967
42563
37920
38926
37175
2774
41203
38260
1746
41550
36641
36069
43304
2323
42589
40850
37665
35200
36760
38361
40610
40470
42999
38852
38299
35809
45026
36186
40656
44452
44739
36267
2194
36412
36042
35516
41088
2882
3318
41402
43363
36131
2304
38080
39579
39176
34998
35849
40093
38169
35581
38593
42292
36402
3113
38306
38493
40913
1373
40173
40208
40648
37566
43770
40911
38422
39117
42833
671
36298
44869
35652
42735
2841
43662
41346
38777
37990
38365
2985
37900
44832
43345
37646
2281
41872
39410
40689
44097
38360
42261
2786
2293
39921
38997
2666
37127
2233
45022
2266
42722
36540
41333
2803
36516
37817
37758
45057
3190
41799
37918
36646
39724
44586
40325
3320
37204
42199
43948
37923
36496
35897
2466
42213
39886
2593
42791
42987
44455
42465
1366
2533
39306
40500
36783
42902
37610
43926
41527
43542
36584
37417
2449
38488
2328
38332
3107
40984
2673
39544
2775
43383
44180
43552
40332
2269
43225
39281
314
37497
42242
39136
3148
42745
2955
38538
43923
48951
42005
39005
37987
38819
47886
40505
42336
35097
2497
2345
36604
44639
44064
44050
41580
43346
2302
38185
38847
35116
44941
42228
42204
41752
42729
40310
43651
44227
42792
43827
38378
38346
36315
38958
2570
42966
40823
39164
40286
40592
44315
36230
36537
725
38928
37757
39898
2184
38809
40999
44847
38825
36078
43856
38038
2350
526
539
2121
37712
38419
38176
38208
38043
39253
39081
43332
36129
36538
2757
2602
1301
37594
2467
37114
40790
39649
2294
43408
48402
44167
40836
44903
41964
38241
42423
47914
36672
36766
44478
42780
43485
44465
40365
38386
39931
43980
38698
38637
41436
35844
43041
3069
48480
36231
36551
40718
40157
39068
41731
2235
43617
42314
41094
37272
36842
2585
555
39958
44248
43675
3029
44028
36751
41154
44090
39927
42461
44188
36325
36444
36673
2312
38091
42033
2371
41775
2494
43023
41156
2656
37796
1400
39781
38611
40571
42098
40908
38407
543
36354
40590
36587
42090
39215
43316
38927
43641
2962
35885
2255
36374
38324
38965
38122
35376
43990
42968
37547
40547
39213
41301
40994
2422
40856
40561
39610
43702
36081
43754
40254
44074
37176
40905
44918
38957
38449
44908
35079
37578
40802
41498
41759
39187
36437
42807
39375
173
39754
37478
44795
44256
43528
48384
35554
44872
40734
42897
37397
38439
2276
42187
44933
42770
42559
38507
45070
35153
44731
37033
36814
35621
3174
37859
40700
35671
43456
45028
35795
42761
1409
38023
39255
36813
776
41644
41095
42524
40748
44617
44843
37354
37271
38883
41844
37177
2653
35661
41207
42800
39254
40512
35871
37153
35977
2286
42276
39066
39218
523
37776
43091
40171
42446
42749
42460
43171
44045
40227
41870
44366
42777
38775
42402
43105
43895
40780
36462
44522
36776
40944
36858
3094
38198
37696
38350
40637
1439
38939
35123
44091
44971
39304
39928
36807
40295
36663
43885
38366
39902
41321
44922
38472
1463
37814
40189
44974
2358
3353
41278
40114
41428
41948
36032
38867
3257
43772
3013
36977
42912
40987
3003
40713
42390
37289
40399
39206
42881
38383
3068
44242
37717
2384
42100
37078
40898
37865
38339
40244
44192
37670
37937
40871
38137
35923
38446
37836
2828
37827
42513
39161
2709
37450
42115
40958
37109
38351
35551
38409
39646
2379
40537
36247
39923
41167
1297
44467
3215
42283
43433
3074
42030
36881
38100
36687
42863
40733
42376
40072
38214
2981
38817
36502
35950
35960
37451
36971
35531
41832
38626
2316
37511
35741
40621
44816
36686
37629
41928
42564
42898
36749
44144
35959
41842
2694
35515
35586
42818
42757
43205
43791
38776
39524
37911
2711
42476
36188
39310
3207
43730
39814
40818
42059
38385
2916
40107
45013
40947
41440
35245
38058
42363
36162
2263
42678
40188
40622
41099
38923
36712
39337
44531
41105
3340
39726
40482
44501
38836
35513
41396
40111
38634
45138
39113
37941
43090
43920
172
39942
43008
41936
3293
40260
41705
39156
43614
42222
2728
42374
2624
39656
38090
2249
36296
44245
2543
39024
35759
38189
45063
42201
43938
2688
40638
43606
2605
44244
37477
35607
43936
2400
699
44343
37882
44218
35014
41218
41420
3015
42101
43721
44037
37571
2374
2373
42733
35766
40022
37520
47887
39271
43298
2420
41126
38552
39144
2797
42545
35222
42329
40144
36651
43450
2343
38036
37301
48657
347
43126
2481
756
44870
40351
40366
39813
308
39558
36838
3360
36696
36203
41695
36630
43506
41818
3298
42848
42746
42668
37562
40820
2796
272
43968
42035
41104
41228
42060
39478
3314
38192
39511
39647
37346
45019
40353
35837
38354
38894
38283
37904
44534
35553
36098
38826
38381
44025
750
44169
43262
43828
2592
41362
43682
42870
42467
2464
40222
36229
43124
38679
42039
38805
42587
39733
38859
37576
42575
41337
42639
43917
40864
35223
42106
42069
38289
36608
3131
40142
43095
43152
39671
38138
36010
37041
40026
40772
41220
42280
36291
40245
3054
40299
2723
37849
43801
515
35510
41514
35731
2701
40220
41919
39126
39123
43613
39528
42341
42535
35491
35585
38532
42546
37782
39162
44868
3037
40867
35783
40671
43513
43582
39057
35883
43792
37501
37741
41755
42210
2969
41449
38094
41268
2755
38188
42756
38259
35070
39994
518
2333
37225
44239
41461
37581
42737
38810
41473
2565
44026
37055
36101
44065
37686
38215
35966
41812
35989
40210
42731
41830
40507
40128
44476
43303
44246
37419
40101
35213
2277
39897
2240
37364
48321
39322
37333
36066
36364
36956
36941
40573
36481
36306
43725
44995
37206
36179
44481
37994
2261
42900
39577
39200
44571
43297
42711
43767
38040
1438
3240
36928
39359
44203
40108
43453
47915
42344
42891
2636
40580
740
44024
2993
38487
2412
37794
43146
37643
42254
44488
38301
42263
37759
44712
42605
38654
47213
3302
40955
48192
39513
37832
37917
39993
37108
456
35391
2545
41111
40150
2772
1305
41873
38186
41006
43277
39554
2476
37564
38850
2295
42658
39963
40531
2665
43987
44427
37634
35236
36405
43068
3402
43268
42992
40116
37066
36059
37000
3181
40095
38565
36880
39468
39616
3145
40991
41133
39234
41063
36740
39694
42986
44717
2820
36633
40476
36166
37765
42627
40408
41470
763
36217
2493
40436
35186
38554
3033
44981
42434
42648
41735
40639
42772
36522
40809
42209
37960
48322
37303
2886
44461
2599
42092
42220
43608
36837
44957
42478
38595
42536
42642
39034
44432
42510
1382
37651
43092
40415
36576
37807
35566
37981
40878
43210
37518
44437
42429
38421
45037
40543
42248
36901
37926
44324
40585
37714
37824
35178
37689
38727
39207
40841
41237
37031
43222
38824
561
43019
42026
43263
37603
42021
2539
40309
41407
44742
37672
41336
43471
2641
44166
39315
37315
42144
39766
39013
35772
37936
42933
37785
43684
39638
44249
42667
44364
40894
43108
44479
44750
42040
42751
43001
39294
2950
42753
43616
36645
35854
35665
41899
41954
3043
43650
39590
42147
36504
36213
43872
2479
2630
43706
44152
2544
37170
2330
36458
40383
35606
38631
38942
41850
37423
39500
36379
43463
42650
36972
37857
35239
43611
35962
2457
3336
40741
44264
39398
38729
2271
36743
42823
41280
2607
42017
39829
42023
3009
38128
42211
35532
39933
39116
38273
40478
40197
44161
37801
39684
44720
36146
40854
2392
3331
44889
43642
47889
40066
44023
38292
40558
37540
40219
2878
42422
44940
35082
43666
2906
43259
40119
36698
2352
2812
41888
35730
37596
682
43591
40289
38314
38851
42330
35144
39127
42497
40757
2830
35185
42032
36196
41788
40190
2214
41876
41957
38118
39314
38770
44837
44510
41491
39019
44473
38511
40446
37222
38213
42894
2893
1378
42604
39715
42646
1316
42781
37432
35996
36689
43271
2850
45012
42047
40761
39115
43132
40829
36006
42491
44318
40076
41239
42849
43195
3378
41061
39854
38103
44231
39679
42826
2227
2335
38374
37897
37369
37688
42784
38430
37058
42303
41657
35832
37106
36317
38371
2489
41107
40237
35738
37121
2203
38335
37042
37024
37907
2956
44460
41227
36177
3271
38748
36313
35100
35889
42496
38955
38266
35131
38246
37916
39806
38659
38056
42873
35217
39285
43646
37818
41530
44022
40851
38925
41562
37948
39400
2913
36561
36914
36185
36523
42744
44182
37163
2817
3100
47921
40234
36414
36620
35806
35464
37989
39259
41721
38594
40519
35103
41723
45035
41926
37750
36301
43039
41276
36145
42993
2959
44492
41545
36332
43829
37003
38568
37929
547
40198
38159
40680
3328
49328
44279
38099
43740
44114
3362
3254
39367
36292
36432
36726
37597
37011
44225
44726
44054
37101
35813
36048
44032
2397
39876
40941
40444
41390
42716
2562
37452
44307
38120
43761
43676
178
37456
39330
2306
40166
37358
40595
47916
40390
42821
2245
35273
36388
38457
44272
36734
35777
2746
38533
40380
48350
43775
39121
35424
41201
38250
40103
38400
2810
38389
36795
2869
43879
48451
2359
40323
38271
37527
187
42882
42793
2132
39357
39063
35395
43930
40875
36723
38291
36830
42459
42727
2827
41520
38364
44658
43739
47917
43076
36093
39340
42048
35803
2789
35519
37883
38079
45151
44493
35780
40410
35233
36779
2458
37463
41625
35905
41178
43834
42640
43375
35682
45015
42704
40632
39074
40421
43221
35511
36804
43787
45014
36439
40897
40591
36919
36680
3124
35099
40524
36697
40404
40284
42817
37285
3330
3349
42850
40581
39881
41509
36071
3123
43933
44143
39020
2460
42064
42611
40778
39976
2909
44926
2435
1359
41678
42365
40185
37909
38765
2804
42875
3146
42804
43173
2785
41758
39576
42616
3350
40452
43398
36328
40541
39171
2713
38880
2582
2399
2506
2351
43374
37605
42769
37819
38317
2947
3242
2376
41465
36989
37552
460
39343
41862
44807
38098
41682
43596
38313
43607
37462
47918
36353
44108
41051
40889
43824
38795
43576
36115
37797
2309
35190
36225
40724
42262
37372
37885
39403
38349
37569
2495
3260
2832
40511
1368
41421
37754
44497
43549
40352
41355
37313
42334
2946
36416
35816
41131
39135
39556
36159
49461
3228
3361
40777
43997
44587
39141
44044
42508
37241
2764
38645
42081
42171
40893
36251
41903
39627
37240
40901
40747
45149
43563
40405
41831
40450
41100
257
40163
3384
2498
38907
36438
43649
35204
2529
41760
41097
41921
3059
36627
39732
2280
43786
44217
37589
43037
43233
2408
36951
41937
44001
43484
42892
3301
40614
36869
42275
47913
42712
3348
35145
37663
37237
44363
35911
38721
39913
36957
42061
35939
42270
43951
37978
41980
41365
36913
38196
36545
1355
43817
44541
38181
39817
48346
35101
43765
43072
36824
44124
43017
3026
42626
39230
39245
36424
43601
36739
42385
38601
3153
37061
38964
35868
40788
44352
36996
2876
43839
43419
39167
2750
2239
3251
39634
37669
38401
39270
44039
38175
3358
42622
42889
40085
2616
2430
37288
38553
43380
38527
42822
39810
1441
42529
2900
36350
39680
41816
2437
39095
35921
44947
39247
3162
36853
41282
35880
38791
43620
42909
39085
37325
3127
36586
35561
2360
42205
44238
44506
44230
2534
40304
38823
42366
38589
39387
38180
2995
42786
40364
40321
35486
39140
37573
37445
2446
42129
36323
3319
36343
43848
44165
41761
470
40630
38618
40530
2815
38946
43381
44219
38014
43667
41217
40739
2739
35203
44292
37490
40762
39570
43187
42750
41746
41266
36990
35482
37148
36768
41929
35524
39195
35642
41471
35881
1309
35526
2770
42155
40089
39119
2338
38131
1319
38046
45027
39042
42709
34924
36284
40472
36638
38897
35822
39351
40738
42972
748
44538
2574
38879
41206
37365
40209
42681
42813
41500
37985
39326
42906
40542
36560
41757
39741
43976
3253
36993
44214
41970
36694
42974
44526
45054
40342
2220
35393
38947
2540
40730
38333
2491
2396
3272
40555
3224
43711
2262
40998
42789
39173
3007
35104
42175
42471
37048
39133
42130
43530
37004
39458
39974
2325
2972
40653
38602
44936
35507
43512
3081
40593
37408
42195
42880
42523
3321
38986
41974
39055
43449
44299
39483
40396
39503
41681
2855
42763
2363
35858
42019
41895
37529
44096
35238
37363
41525
43945
42862
40462
37065
43472
38052
38092
42644
35142
42896
39693
36649
44336
2940
35518
44017
516
36420
2454
2410
37189
41515
37934
36113
40832
3227
2597
36934
41335
37622
1403
41245
686
41804
35583
40047
42493
37702
42138
43826
3305
43659
197
42458
2365
43400
43249
36595
43783
44347
